1.05807061690278	1.63291803244550	2.76885301602139	4.42767289525574	6.03712362389277	6.74069600647723	6.29406622440392	4.83097271312474	3.01051818355912	1.77546117978298	1.07738375289036	0.655270267764131	0.416095756894853	0.407553704369434	0.512949028876021	0.546889926464755	0.501502784679705	0.716702082652905	1.24481190613623	1.46104290291125	1.35941842090775	1.22792629469039	1.11117229637065	1.11921222068059	1.28993723831879	1.55355561772421	1.75908016618099	1.80873632625959	1.63217308443654	1.48151879609263	1.80351684320385	2.40524367153051
1.14112526490024	1.83978055996997	3.24530093422410	5.34156832580332	7.35434400624686	8.19654646424167	7.49204164224095	5.64669632788669	3.57132537815217	2.13092226315315	1.29552139213838	0.756493243121510	0.450210481528189	0.447203672398389	0.552871937041106	0.544038785977681	0.510817375699022	0.746137427664551	1.28142678482793	1.58730695083414	1.54726804755822	1.41806306000233	1.31665283312018	1.38443942128050	1.55912355071640	1.73385800508108	1.84855409771350	1.88118364368926	1.68482173786763	1.37384585488394	1.43193930650183	1.75774459869385
1.16627937494904	2.00996459818064	3.74845420405276	6.36088862211082	8.84657759901695	9.99249078776927	9.21254587865420	7.02801755005413	4.56070763779394	2.66994288887670	1.55660645259385	0.863058635809335	0.471310809380676	0.412702649457873	0.489660101740745	0.498082544444482	0.568534741606961	0.902461648339926	1.46867194546799	1.83896860724406	1.85321654752579	1.75658769718974	1.71346314133148	1.80294511140515	1.92727146358674	1.95731456732758	1.88597565658370	1.83054586441033	1.58646935168964	1.12747787935294	0.960695151512044	1.05530575659027
1.08637619613580	2.02232967465180	3.93715801348613	6.77087165539513	9.46839850145400	10.9205016517889	10.4071558829305	8.29857226205355	5.67750233199480	3.26608934112741	1.75031948229060	0.946605317708119	0.516132378295924	0.345828924347706	0.369203238091264	0.479755781225259	0.726145914983499	1.23511844715561	1.92832916097715	2.39486641305673	2.54114757161576	2.65675017813139	2.74796374000170	2.74241825367882	2.67799920772530	2.38482595608353	1.87124683890981	1.54209829262309	1.19348393411686	0.715200954837273	0.514097662651731	0.526258583661950
1.00967210129654	1.93232998541357	3.70290894826756	6.25840487555174	8.70873185926502	10.1077844215015	9.90070526054020	8.22874005686942	5.85939192927706	3.38616585949896	1.73529554341603	0.984200643236126	0.616888291864225	0.384387524166542	0.337020401429452	0.524136514006473	0.951142853971354	1.68780353279428	2.62040974528586	3.34526598198274	3.97077469304286	4.81365025501310	5.11445549553534	4.66426042799449	4.01075971058355	3.05787406757479	1.85875126857337	1.12906078704840	0.686286852405705	0.352845451065278	0.256451021901139	0.277932147780404
0.924927066920281	1.70444943247410	3.14822169647386	5.18271668819086	7.02337416379446	8.02025143860956	7.96679470621838	6.80772435452622	4.89729642176545	2.91711208136293	1.65809976449242	1.13727665002056	0.916805907142173	0.644383166711876	0.433620539414365	0.563228105175293	1.18344763675853	2.34413969740505	3.79628137210625	4.99921900955181	6.25006608247161	7.94187433244209	8.45676661414224	7.28660593305898	5.47717955961204	3.48574094213840	1.70358893901698	0.777949054359888	0.412330251479361	0.245541755809414	0.233316692326530	0.283217670011049
0.743424571957773	1.25774346155305	2.35451792129025	3.98294646813320	5.31042855076576	5.91814555842280	5.90334770405899	5.15307597160804	3.70177999852280	2.26300564586688	1.49889991268041	1.31676416766329	1.31927209271911	1.02434325130888	0.602597923501369	0.623727080677013	1.48246857446105	3.30871039298037	5.61926938186842	7.64743126558156	9.62117914557590	11.4713692608061	11.4238890580056	9.46052387499609	6.57895084201621	3.65848579001124	1.50937976589222	0.577211041992911	0.339220901212938	0.277389768157932	0.298474721856417	0.364562648711000
0.602154412467828	0.841506260956124	1.59090416694365	2.89090437046207	3.96790287293760	4.43053015582795	4.44411353616723	3.89754269049662	2.80205036526807	1.76386326385262	1.26016146104679	1.22156120454372	1.34564379101849	1.15203186710273	0.739085375497649	0.779824718919650	1.88496197954367	4.25863750960752	7.15246350103900	9.89796306934212	12.5081268877674	13.8294429789262	12.6575222888627	10.0123219003013	6.70366310829663	3.41068253574248	1.23626831975969	0.460856842876371	0.333234409057049	0.332894346412516	0.367720468000889	0.441579042770817
0.523961124143437	0.619192726428540	1.06204795056252	1.98893346628825	2.88246085616737	3.29425810147136	3.24866214290082	2.77671883117039	2.04452416582269	1.39452937122320	1.02830094642718	0.963300298738662	1.06072020351100	0.989283129118578	0.779772929054052	1.01712769048088	2.27413616129219	4.68068487331871	7.54718521195851	10.3731182184711	12.8874358507588	13.6852444980437	11.9911993789484	9.03003553346709	5.75163850445521	2.69402111604955	0.967220249525461	0.455778711460065	0.394243819241108	0.413324652134163	0.503251433995501	0.672156593338670
0.439489065382890	0.513056696903512	0.758007424521410	1.31807761585015	1.93565540974961	2.20385995215750	2.08247996729572	1.78089248085353	1.45237569736652	1.14244527725875	0.875810228187151	0.764587715667177	0.761189123306603	0.711994705823926	0.694218220996611	1.12094502572807	2.27649470322163	4.27191708188578	6.85873915104562	9.49785065746378	11.4373837547539	11.6168344800681	9.85453620968185	7.06179481736481	4.26043004473940	1.97361925270446	0.855006564026740	0.543137827596303	0.496462651742935	0.554231316349174	0.833464673408964	1.27372541188592
0.389830256494948	0.454454379071309	0.599327316573452	0.928094625507612	1.29535023158694	1.41650529529066	1.29746942941865	1.18242832426024	1.12424136466622	1.00133089661261	0.804049352598324	0.707858075620505	0.637015782054819	0.531683355064801	0.546543326613437	0.933484502292694	1.77997326147055	3.21608910288022	5.29358706113675	7.52097319884814	8.80164500287754	8.33300858653816	6.59185872489795	4.44267586776634	2.61088962567988	1.33283199270569	0.747121694445123	0.584326785267650	0.568235205440359	0.732298837988628	1.27355036368760	1.94415484314270
0.422016288750414	0.462207132728894	0.537732427108604	0.729319421794398	0.948120029550281	1.03840736878562	1.00262521118716	1.01083917103765	1.07522271106812	1.02946069672974	0.856076741883082	0.759402953501165	0.668299395304863	0.534174546026852	0.479260309288429	0.648132873842628	1.08349534391202	1.89723612865690	3.20585958807014	4.66998031094819	5.42076384766679	4.95288309605072	3.73364234377832	2.39628904143011	1.38351928340646	0.815438316749239	0.601579350643594	0.549432623922061	0.569197051894460	0.798654800420315	1.36905754456624	1.95694675112268
0.534203110903006	0.553438149316477	0.564318608562148	0.672498112660810	0.827926454510531	0.985611201940450	1.16314640935663	1.37307199354115	1.52366183248846	1.47468021111694	1.24589214794957	1.06311579401073	0.944148163172550	0.802110869296865	0.622390091168355	0.526906840351710	0.600447158270101	0.886432556097805	1.46636516100983	2.21111363286363	2.70640686519328	2.65785508589197	2.11285714005903	1.37548754816752	0.801450059568172	0.544411869389435	0.505273730676164	0.522987671572313	0.582525806513665	0.780513375154962	1.14364388814711	1.49222590563961
0.764498087800176	0.771997506865833	0.726816438516810	0.770781258524570	0.882763910758691	1.12636897797584	1.62465404124841	2.20240561064540	2.50447360391899	2.46471226079414	2.23834590561556	1.99172648489806	1.76851473048901	1.45923086213584	1.00500532431006	0.604974248665540	0.426389961312791	0.432924054226695	0.597383114500451	0.902735224685385	1.21433657605261	1.36071293585023	1.23568432669576	0.921052871363763	0.658010881569852	0.570074163064877	0.569324577152307	0.572678012358142	0.630537577602777	0.773970876106115	0.958967937725512	1.07869459648261
1.18056239612680	1.13949253604134	0.979792212695082	0.922694434852246	0.993796982051005	1.32095531109165	2.13093058386414	3.13021071066923	3.74684538087091	3.91941562844906	3.86979159126163	3.59643246620985	3.07667090904361	2.36018148751706	1.53169615548582	0.829222766825514	0.458095591023375	0.338910658728898	0.341657293863541	0.421940253144750	0.535840851335009	0.663401379929133	0.775133448740666	0.821839349746764	0.869738914774509	0.939113978009148	0.899246281633998	0.758893859316792	0.693323591596710	0.739554663438820	0.785108393192715	0.749916235832573
0	1.42083768550848	1.11421273254251	0.936713623983183	0.980170864522496	1.40875128187420	2.49244541120205	3.87842896861346	4.95192669826252	5.54797160260673	5.74122808078695	5.40403276797834	4.50381356092091	3.30807512600175	2.10875244828713	1.16490317803761	0.631168475059436	0.387238403030636	0.282765239272068	0.270702805266244	0.330296853475992	0.510456600119322	0.824496664239846	1.21148226417970	1.62899380529133	1.85820188246647	1.65967276129985	1.19873707862554	0.835578951293592	0.698997800999387	0.624426375411660	0.525085286421506
0	1.39685699127674	1.00626274882308	0.756715037193422	0.786764806727739	1.29201501519248	2.54132561328078	4.21667168642363	5.76630197879595	6.83614316431942	7.24977628685508	6.87399113231992	5.72077003927385	4.13806928676348	2.63086292658813	1.51723149543897	0.862574118504970	0.492001768342689	0.290199014537897	0.255638019674981	0.423621500107411	0.856525453252802	1.50165767859777	2.29792772296851	3.16511101388090	3.55290762243697	3.04674568846449	2.03914771128152	1.16115902293487	0.730394405201453	0.574436795904956	0.469971236071047
0	1.18297466564122	0.765191387270970	0.516430508930031	0.552486918636730	1.05493451182126	2.27824545318576	3.99692413344151	5.75858428969491	7.11583300136304	7.71285791170083	7.42412602039237	6.26797744501887	4.52189850901018	2.86524874674060	1.67817406115971	0.968049345819478	0.548582137375067	0.341877767981423	0.404003125561371	0.851442795827700	1.73212501631129	2.86641380364103	4.07103466003379	5.20847452839174	5.60276312709087	4.72219360061929	3.03975824837477	1.54918059232415	0.777654027236575	0.536849403059560	0.446463732203845
1.26230556229706	0.943951422523378	0.594465269638385	0.400283271849599	0.445702932683635	0.892622119592215	1.96712809946297	3.47031626957208	5.05329955545976	6.35055742724090	6.95839666796144	6.73497856607286	5.73755049997559	4.15259535611156	2.63452377096925	1.52666088196068	0.856667206073366	0.497798981512823	0.420060557286708	0.750503962592089	1.67557727569325	3.15956590363143	4.76325113171496	6.12800774774803	7.16873771539069	7.29042435914839	6.01561830654228	3.84920425518159	1.92162199619314	0.845916122165714	0.463916341858649	0.352784149987999
1.07299499046023	0.742828283326316	0.492511356387775	0.358432856989279	0.402637774354891	0.779791294697191	1.63953133135993	2.78795335256430	3.97979119964955	4.96467743605800	5.41768636779851	5.19301972037318	4.40480633125181	3.20878437971430	2.03698278048951	1.14600340583536	0.620473880040465	0.397021932993211	0.512293165994275	1.16346598746490	2.62475836917826	4.71257405485173	6.61536918069874	7.92749099342305	8.60902590842650	8.20735134792940	6.59648291498406	4.37237708764634	2.36360576848967	1.07469204767428	0.495200598440429	0.293783731203652
0.985148401767381	0.619350649874366	0.407895647589014	0.296355140547579	0.312400994518113	0.578953518739589	1.16087499136633	1.94076042760053	2.76138403931340	3.42498795136024	3.68075068250733	3.45617250988118	2.93583767842269	2.16679099632275	1.34006475687458	0.723300500706594	0.422046076376111	0.356868967336072	0.603354583507195	1.42209826142848	3.15130497315025	5.48987335403034	7.47785097283294	8.71168292286265	8.99414771544432	8.07098764467057	6.32211372782254	4.38789801943194	2.62338788691554	1.29096160781253	0.571659357283653	0.304320371699964
0.847571006684680	0.523536440313107	0.333271603201613	0.227128790049888	0.209888443150729	0.340234399970136	0.657425599699495	1.15292301765516	1.72638154324904	2.18084078941617	2.27125934519422	2.01765064640797	1.68263720401399	1.23672943264736	0.732692656988168	0.410541840509056	0.316061907018137	0.366416568404325	0.655761942242053	1.44298770844568	3.03625867338795	5.23859596729454	7.19165275030945	8.34172812416978	8.34259488664617	7.08527335128039	5.34508120645799	3.79068833643250	2.42693632812383	1.28459194687213	0.594641446496856	0.359719916082889
0.679699369529783	0.484654716695043	0.351119076907917	0.271013500898919	0.244372542088273	0.281922958514055	0.404673676053388	0.677944275864359	1.06948966019854	1.36501463251432	1.33706334400652	1.08677967914621	0.853288150130434	0.600905239086838	0.355605215465552	0.252042896178728	0.272815468071009	0.369971644764468	0.635013011544119	1.29006961853161	2.55665143753037	4.38416660850168	6.10610859458387	7.03117552342329	6.82813009355079	5.50713860768564	3.96040276379112	2.79212642657006	1.86913332954526	1.09644667773309	0.588784543213813	0.434431643105776
0.850638852690819	0.680331749440029	0.576828140052115	0.504974059046536	0.435364294764159	0.386925425935871	0.393882843674619	0.501237201333833	0.708379730349567	0.852118948425967	0.767026754369291	0.573095047318632	0.428533675609372	0.323195194671081	0.251032114891984	0.239683546722449	0.276633826774645	0.362069424746381	0.568409729388824	1.04854844199104	1.91742845338847	3.16651275377567	4.41076772954296	5.03693805982638	4.77662099060563	3.73530500647520	2.60147334761178	1.79661711802426	1.25560209427581	0.839928960489331	0.553048695613834	0.471647846685848
1.79110675929197	1.39731180257556	1.10587514095502	0.901371926282438	0.713456146283934	0.526448511223410	0.421407834314603	0.414820212955871	0.491900555911695	0.565199498905273	0.529020838918795	0.443677842586922	0.394222010736963	0.387994436968283	0.385886190140380	0.383152247608057	0.377186566036955	0.397195477320937	0.513005058438153	0.789432765357240	1.24480760477991	1.86474062769232	2.54643974891329	2.93324753347942	2.78330021906830	2.20763190467157	1.56883863328194	1.08095243171289	0.795616016017275	0.609980308901651	0.488477578292745	0.461004146172465
0	2.91121989845523	2.05168029470653	1.40194281918900	0.952971466311944	0.614825751986193	0.405095514912097	0.319476816019991	0.359487915019226	0.527371705368520	0.724796056251540	0.851657032233666	0.890781340442239	0.864455527157575	0.812481032212876	0.764777022545212	0.688666363250815	0.593444308200430	0.568608381419951	0.633790020739204	0.761429467303104	0.921589810059351	1.13126340603720	1.30023395646485	1.30462113115837	1.15729681342604	0.925439270901761	0.685608955012583	0.548253224250576	0.477664673762172	0.434744269916747	0.429507340850572
0	4.73154554043104	3.25823891986464	2.00728553684290	1.16435879041762	0.654754544304522	0.370484450301137	0.261951531043139	0.365725398570076	0.791245612997879	1.44599037684903	1.98067771010426	2.11853555459315	1.95493854632229	1.76142896179871	1.59142899577231	1.33580666248588	1.00659462890224	0.774272275824261	0.637215623002256	0.537350149817385	0.465328669962834	0.454738615718306	0.495169969034730	0.568966623522555	0.618908644727891	0.583669883118883	0.492654167634607	0.442807665733785	0.425666721695113	0.390550735371785	0.361662445784211
0	5.88578455481687	4.21727936507085	2.61250200762560	1.42513412338539	0.715077950983570	0.356116158604312	0.284975122218951	0.551751583924180	1.32700638963900	2.54914169190340	3.59435999197985	3.90407269440804	3.74254316863689	3.53044351866649	3.17041986397823	2.47080487440992	1.64471606136954	1.06771151415440	0.726180903504551	0.487650989229382	0.332746921195935	0.286179059243609	0.312562707452943	0.400160380197542	0.463960963108075	0.450485339769930	0.419623154188801	0.439055620023638	0.466881322149545	0.422071966967561	0.344131841114017
0	5.95101724051013	4.42983467924344	2.83979830190210	1.54114309199947	0.735538330868338	0.368535394994097	0.422373308282305	0.973911213313013	2.19665346167932	3.94826599082367	5.36302888530329	5.90693556189567	5.97535892537784	5.90804688505343	5.35660646629183	4.02151134175900	2.46442950153645	1.39187439495149	0.828676563371222	0.523279477505629	0.372285848677000	0.363242088520001	0.448575609966989	0.585527913344007	0.646695249864702	0.624642243102240	0.650637148158464	0.751934225453583	0.800440641729498	0.706000181988003	0.548207836778533
0	4.95796670020284	3.74953199700394	2.42043450875814	1.28956839352804	0.620452481126863	0.402439551231978	0.682948174641445	1.61126342695338	3.29424626029147	5.33669429373640	6.82261970483783	7.50563662436718	7.76888779766317	7.77026056411897	7.10204702291550	5.34535698597617	3.19167443770940	1.66000895952032	0.899773461522696	0.595491288266636	0.542899245671944	0.629922636844670	0.822639227853397	1.13004380676666	1.39988844647690	1.57301582646539	1.67548496002158	1.68660636099646	1.57251696927378	1.30228985765997	1.00432187550394
0	3.68570219986559	2.77540839572960	1.72350334497497	0.875625727229664	0.482965254145999	0.491634321943569	1.00715847153063	2.29066149433112	4.31333275211918	6.37270011349122	7.66229673681473	8.21084361757842	8.41269246938133	8.27882576595049	7.42710449587875	5.51653555006612	3.23025540449346	1.61588535700275	0.844448881482270	0.666748547125381	0.858282429974864	1.15276001340723	1.50015842730789	2.09783529451583	2.89867647045144	3.48306791253508	3.45108802492430	3.03911509551622	2.53639284439347	1.96875352282268	1.47305907681710
3.22877111960331	2.74293128489474	2.03287302577536	1.19850394307396	0.599402061867528	0.433887715370974	0.604453673536335	1.27703361632569	2.84470269074221	5.13699514867034	7.11731526624054	8.06729970807415	8.26695701964278	8.23685789886947	7.84087106516718	6.62677366349119	4.59932635962894	2.57415017502559	1.28360179160611	0.702824929956982	0.716665501855645	1.18892541243192	1.74784505145257	2.26821545183123	3.12076685865118	4.39499535921931	5.27272013498491	5.03468991514362	4.16495961063493	3.24952308312079	2.40359198021122	1.74286729592843